9.984580
10.588299
11.192018
11.795737
12.399456
13.003175
13.583673
14.187392
14.791111
15.394830
15.998549
16.602268
18.692063
19.597642
19.899501
20.178141
20.781859
21.083719
21.385578
21.989297
22.291156
22.593016
23.196735
23.498594
23.777234
24.380952
24.682812
24.984671
25.588390
25.890249
26.192109
26.795828
27.097687
27.376327
27.980045
28.281905
28.583764
29.187483
29.489342
29.791202
30.394921
30.696780
30.975420
31.579138
31.880998
32.182857
32.786576
33.088435
33.390295
33.994014
34.295873
34.597732
35.201451
35.480091
35.781950
38.800544
38.939864
39.102404
39.381043
39.845442
39.984762
40.286621
40.588481
41.192200
41.354739
41.494059
41.795918
42.399637
42.538957
42.701497
42.980136
43.583855
43.746395
43.885714
44.187574
44.373333
44.791293
45.093152
45.395011
45.998730
46.161270
46.300590
46.602449
46.741769
47.182948
47.484807
47.786667
48.390385
48.552925
48.692245
48.994104
49.597823
49.760363
49.899683
50.178322
50.782041
51.083900
51.385760
51.989478
52.152018
52.291338
52.593197
53.196916
53.359456
53.498776
53.800635
54.404354
54.566893
54.682993
54.984853
